1.000000000000000000e+02 5.169808152473608942e+01
1.050000000000000000e+02 5.180781611856781410e+01
1.100000000000000000e+02 5.094888374724005331e+01
1.150000000000000000e+02 4.708503594700847827e+01
1.200000000000000000e+02 4.768859383715621902e+01
1.250000000000000000e+02 4.992800094178692660e+01
1.300000000000000000e+02 5.397026004241439523e+01
1.350000000000000000e+02 5.296769351659458636e+01
1.400000000000000000e+02 4.879219398910110783e+01
1.450000000000000000e+02 5.583016575616789368e+01
1.500000000000000000e+02 5.559747666790158149e+01
1.550000000000000000e+02 5.696174101241076215e+01
1.600000000000000000e+02 6.584246984343901943e+01
1.650000000000000000e+02 6.836687759559040956e+01
1.700000000000000000e+02 6.664236660396821321e+01
1.750000000000000000e+02 7.044431451372656738e+01
1.800000000000000000e+02 7.955717948741764189e+01
1.850000000000000000e+02 8.221611739404772834e+01
1.900000000000000000e+02 9.432329953680562085e+01
1.950000000000000000e+02 1.078067351745929869e+02
2.000000000000000000e+02 1.239333629513413655e+02
