1.000000000000000000e+02 9.628296079622316483e+00
1.300000000000000000e+02 2.770879904468964128e+01
1.600000000000000000e+02 3.693488804038246798e+01
1.900000000000000000e+02 4.387594337244672715e+01
2.200000000000000000e+02 4.994369329165491678e+01
2.500000000000000000e+02 5.195633738717743455e+01
2.800000000000000000e+02 5.517730581714283034e+01
3.100000000000000000e+02 5.752419485393344445e+01
3.400000000000000000e+02 6.254736115199349200e+01
3.700000000000000000e+02 6.177412142582770826e+01
4.000000000000000000e+02 6.487186028505203694e+01
