0.000000000000000000e+00 -1.979552060128814794e+00
2.000000000000000000e+00 -2.009400699924129619e+00
4.000000000000000000e+00 -2.274739735488817693e+00
6.000000000000000000e+00 -1.860319467493679380e+00
8.000000000000000000e+00 -2.016032658167356217e+00
1.000000000000000000e+01 -1.883255614033866543e+00
1.200000000000000000e+01 -1.874352777610102994e+00
1.400000000000000000e+01 -1.583184455772294275e+00
1.600000000000000000e+01 -1.067305925393664534e+00
1.800000000000000000e+01 -7.583029961309668554e-01
2.000000000000000000e+01 -7.471893809822292842e-02
2.200000000000000000e+01 5.539187417616771025e-01
2.400000000000000000e+01 1.208882329518928156e+00
2.600000000000000000e+01 1.459050437323889282e+00
2.800000000000000000e+01 1.727275701470566416e+00
3.000000000000000000e+01 1.697410939874367308e+00
3.200000000000000000e+01 1.974846894161319755e+00
3.400000000000000000e+01 2.015892027703139799e+00
3.600000000000000000e+01 1.848128442244654002e+00
3.800000000000000000e+01 2.060533175689868379e+00
4.000000000000000000e+01 2.074865250804605488e+00
